Average Cosine Similarity: 0.39009759051317944
Standard Deviation Cosine Similarity: 0.16817258816192132
Average ROUGE Scores:
  rouge1: 0.36010966333702177
  rouge2: 0.10867251111362586
  rougeL: 0.22629461874114873
Standard Deviation ROUGE Scores:
  rouge1: 0.09840020284503391
  rouge2: 0.06365731515022158
  rougeL: 0.06561120282713269
